image_width: 640
image_height: 480
camera_name: camera
camera_matrix:
  rows: 3
  cols: 3
  data:
    [
      632.566858,
      0.000000,
      351.454440,
      0.000000,
      658.598474,
      217.547643,
      0.000000,
      0.000000,
      1.000000,
    ]
distortion_model: plumb_bob
distortion_coefficients:
  rows: 1
  cols: 5
  data: [-0.420743, 0.195264, -0.000420, -0.000531, 0.000000]
rectification_matrix:
  rows: 3
  cols: 3
  data:
    [
      1.000000,
      0.000000,
      0.000000,
      0.000000,
      1.000000,
      0.000000,
      0.000000,
      0.000000,
      1.000000,
    ]
projection_matrix:
  rows: 3
  cols: 4
  data:
    [
      554.981445,
      0.000000,
      359.055802,
      0.000000,
      0.000000,
      616.663513,
      214.051434,
      0.000000,
      0.000000,
      0.000000,
      1.000000,
      0.000000,
    ]
